49
19
7
7
37
39
36
4
43
18
48
29
19
43
36
32
23
16
9
29
31
39
35
23
36
19
42
14
14
11
27
37
8
6
10
34
12
20
43
38
39
42
2
9
28
43
7
25
22
0
40
27
43
16
16
15
17
41
46
20
44
23
21
9
15
43
38
35
27
26
13
30
22
41
25
9
23
32
1
44
24
36
0
0
16
10
6
27
25
47
1
48
38
22
0
28
39
15
27
22
13
33
14
10
15
15
28
12
28
25
25
19
9
26
48
36
25
5
23
38
45
48
31
19
34
46
46
5
16
41
11
44
0
20
11
31
34
20
9
24
17
18
4
13
25
47
25
11
42
30
39
34
34
6
23
34
38
31
0
35
16
38
6
46
33
33
37
30
25
18
12
48
15
43
5
6
28
3
31
8
27
5
12
42
44
8
23
36
33
41
12
15
0
7
6
35
15
21
15
11
7
9
25
16
7
24
38
31
9
16
46
11
8
12
41
0
2
38
6
44
44
48
24
30
33
31
15
40
45
5
30
40
43
8
3
4
34
25
40
18
24
46
10
16
26
10
25
7
43
32
35
0
26
45
26
45
46
7
2
4
16
15
42
25
28
14
36
23
22
31
23
11
20
12
12
24
0
34
23
24
3
43
7
32
2
18
39
11
37
24
27
0
30
9
2
13
35
0
34
49
