49
39
18
14
22
45
45
15
9
16
39
43
12
28
11
5
47
36
31
32
43
2
12
39
10
17
31
47
14
0
9
38
2
17
41
44
7
2
10
8
41
21
46
43
33
45
26
40
47
43
41
1
33
41
14
29
48
7
29
5
4
23
13
39
33
5
1
12
36
8
31
20
25
27
15
13
5
42
23
45
33
20
24
7
12
32
30
20
43
47
20
6
19
29
43
3
11
18
11
18
39
6
34
25
19
10
21
8
43
34
15
18
19
36
47
22
25
36
6
27
28
31
1
1
11
43
20
45
44
15
48
15
8
33
2
0
37
37
7
48
45
39
13
27
26
11
39
16
7
25
19
47
45
26
46
8
9
30
11
12
25
38
23
35
40
26
2
23
0
5
8
41
1
39
29
40
48
26
42
33
36
48
35
46
47
30
40
22
40
3
0
27
6
48
20
11
22
41
39
18
45
32
45
9
43
32
14
20
17
18
1
24
8
20
27
3
44
12
28
35
24
10
39
25
4
30
31
25
15
42
21
27
1
45
45
4
38
4
22
0
33
2
1
24
30
46
17
17
14
17
41
47
7
20
38
30
47
41
13
46
12
30
3
45
37
33
41
0
40
6
2
13
6
34
31
6
16
34
16
20
20
36
11
40
5
35
29
33
0
45
23
17
35
48
37
23
0
48
44
49
