49
32
7
39
11
37
32
13
22
46
13
12
23
11
19
26
34
26
36
32
42
15
43
44
26
15
29
31
29
42
7
10
21
7
46
44
18
32
39
34
35
29
7
16
0
1
16
11
20
34
39
23
32
44
34
28
8
28
19
27
19
27
13
41
7
17
17
31
2
37
36
47
15
37
16
30
48
0
14
6
15
41
41
39
23
6
22
48
18
41
30
4
10
47
37
11
0
30
33
28
27
5
29
17
15
22
44
23
8
16
16
18
37
23
15
5
20
3
13
32
15
21
27
5
32
14
20
6
47
27
38
8
45
26
25
23
23
30
11
3
0
23
41
45
34
37
12
42
35
6
45
27
30
31
39
39
0
28
43
22
34
23
16
7
8
37
24
27
47
35
42
44
26
25
43
7
39
11
23
37
23
29
35
8
43
36
13
17
12
0
46
22
44
40
23
7
19
24
18
43
19
17
1
8
37
47
24
32
11
14
17
31
21
28
23
45
40
43
17
15
16
15
18
42
47
17
40
5
23
14
11
7
7
28
34
23
1
43
24
4
17
41
11
4
8
12
42
11
11
23
22
5
33
12
10
48
37
33
48
38
7
13
12
18
28
4
14
0
14
8
17
42
21
47
23
34
22
34
4
24
20
11
27
5
26
21
2
22
0
42
48
13
42
9
31
29
30
46
46
49
