50
40
16
20
32
25
27
13
18
15
48
27
21
4
19
15
2
29
8
41
40
17
3
15
8
31
48
42
29
45
0
10
32
34
15
2
37
14
4
2
12
30
6
23
48
5
2
49
14
33
5
48
25
16
0
27
10
11
6
18
3
15
19
2
23
25
48
7
45
8
33
25
34
24
15
33
26
1
28
48
49
20
23
47
24
17
31
20
26
8
37
23
45
47
22
43
47
26
24
20
7
29
2
1
32
19
18
24
4
31
5
48
33
40
35
46
17
4
29
21
25
34
31
17
11
20
10
24
16
9
34
2
42
4
15
38
2
36
44
1
8
10
10
15
44
46
30
8
15
43
26
19
35
0
27
8
11
46
20
2
42
18
45
5
22
35
7
41
17
49
32
16
17
46
15
45
31
26
24
16
27
23
43
46
38
6
40
34
33
34
35
25
20
14
15
37
6
8
17
44
42
26
25
34
5
12
48
23
14
35
29
12
46
2
1
19
27
16
8
47
20
14
34
25
2
8
39
16
37
36
9
6
28
7
16
3
4
28
35
0
1
37
9
36
47
1
8
38
34
2
48
17
27
19
25
27
29
43
47
13
47
47
36
26
12
35
30
16
32
6
37
25
22
24
41
33
19
41
37
36
23
42
32
39
34
48
35
49
46
30
35
15
39
30
45
23
46
38
7
0
