50
27
13
48
26
21
41
41
10
38
16
6
36
13
46
41
21
34
26
3
43
8
31
31
18
41
35
45
1
9
36
35
6
32
14
29
10
20
30
7
37
15
39
22
8
44
21
25
8
43
7
26
17
23
46
4
24
22
45
25
19
43
48
9
44
47
10
26
32
2
46
16
4
31
1
35
40
48
11
25
36
17
4
40
10
16
35
10
33
18
15
32
9
34
21
30
48
23
41
47
43
46
41
2
5
36
19
38
5
33
0
23
37
44
13
18
15
13
37
2
19
49
49
5
26
12
8
44
28
25
16
33
14
8
33
27
10
43
49
10
41
32
43
23
16
43
1
48
30
7
32
33
5
18
36
26
26
24
43
29
33
38
27
9
2
9
24
16
1
2
35
30
7
7
39
17
27
46
12
26
48
24
12
35
33
32
10
0
49
24
9
28
24
39
1
0
36
17
17
26
40
46
41
40
34
40
34
9
36
5
24
47
39
34
3
28
26
35
27
17
21
12
45
38
1
4
27
16
8
27
31
34
40
45
28
46
9
20
27
14
44
25
23
14
44
40
44
27
42
36
37
41
8
40
3
37
17
24
14
26
21
47
36
23
16
42
13
49
48
10
19
18
46
0
18
28
15
27
47
11
4
36
7
4
14
49
12
43
20
30
17
39
42
17
30
46
21
30
23
44
36
12
42
42
30
4
20
44
16
9
35
42
11
33
9
17
49
15
12
12
45
17
16
45
6
34
33
1
20
7
1
4
2
8
45
24
46
5
7
27
2
11
16
12
38
19
25
37
38
19
9
16
33
15
4
4
25
45
24
10
41
26
2
29
44
21
10
25
43
9
41
9
33
30
45
32
5
24
26
25
0
49
22
20
2
30
48
47
7
22
0
9
19
2
44
35
7
42
26
19
38
21
45
42
30
39
31
36
19
14
14
15
10
2
15
42
36
44
47
48
36
16
20
30
20
41
24
0
39
40
14
46
5
37
0
29
30
47
12
11
15
22
43
1
30
34
47
22
3
27
12
3
19
18
6
44
24
26
4
5
1
48
48
47
14
49
0
7
17
18
43
29
0
16
41
20
47
40
18
10
8
39
39
24
22
13
3
12
40
27
13
40
12
36
44
30
47
12
11
39
45
44
42
8
2
46
14
20
47
35
9
42
6
19
37
44
48
33
22
28
11
25
5
37
30
31
27
22
26
18
38
9
18
20
49
34
0
5
16
46
38
4
8
43
6
20
11
21
23
43
14
27
31
8
46
2
14
3
27
35
45
41
48
22
40
43
34
28
28
8
6
45
45
28
33
8
28
38
14
27
13
30
10
24
20
10
21
11
26
38
10
39
25
2
27
15
1
18
12
32
45
44
31
35
21
21
16
48
47
29
18
29
19
16
48
49
0
21
33
3
22
13
12
14
25
35
10
0
8
16
16
27
42
3
10
22
41
2
36
37
25
44
42
8
25
3
44
44
42
3
31
13
36
5
28
24
18
10
28
46
45
40
23
2
2
16
4
10
1
1
24
35
29
4
6
24
41
17
36
5
31
23
20
3
49
3
7
33
49
22
46
18
25
8
14
49
30
15
10
34
9
7
9
9
16
36
2
47
9
22
27
32
18
9
46
40
45
26
3
49
41
9
5
43
11
23
39
20
34
17
17
49
23
0
13
44
30
32
33
31
8
3
49
31
32
1
17
29
24
34
18
33
15
13
30
22
45
11
13
47
9
32
6
34
37
41
38
32
12
10
0
23
0
23
29
44
40
19
32
16
0
2
5
45
5
24
43
10
31
24
5
9
47
6
5
47
18
12
44
27
27
4
42
27
17
41
49
26
37
18
9
40
20
5
25
46
25
41
4
42
10
33
31
27
3
4
32
21
35
5
8
47
22
12
48
29
3
27
40
8
48
16
47
18
11
11
48
34
0
13
33
43
24
47
31
22
0
32
4
25
5
12
31
19
48
26
1
28
25
3
40
39
5
37
0
49
7
23
12
30
48
16
43
32
42
2
21
34
14
25
6
22
47
6
37
45
34
43
39
18
39
35
29
18
37
13
36
23
32
33
10
40
42
8
37
45
15
49
16
14
5
24
41
44
9
47
4
49
24
49
10
43
33
20
4
27
6
12
36
19
33
40
16
24
9
44
15
35
8
17
27
5
31
8
19
20
20
15
39
23
5
15
40
5
44
3
13
9
49
1
18
45
36
17
17
10
4
1
39
23
10
49
30
22
21
8
26
13
25
37
2
41
30
45
16
2
23
10
37
46
