49
31
41
44
26
45
11
40
25
25
27
44
32
43
22
20
0
46
20
39
33
42
42
42
36
11
31
4
40
33
19
32
44
35
6
11
13
32
28
32
39
8
8
29
23
6
33
6
15
16
25
46
22
29
31
3
25
20
35
31
6
6
29
6
6
30
28
31
28
37
27
36
34
38
37
15
29
28
34
33
10
48
30
11
9
4
21
20
23
5
22
17
31
38
13
38
45
11
18
7
38
20
26
15
39
14
16
41
23
35
44
48
16
44
34
31
11
12
46
16
45
30
5
24
33
6
2
24
26
47
4
22
7
18
8
34
35
22
27
24
1
29
14
44
27
2
27
24
21
7
42
30
42
3
12
33
38
40
8
24
10
1
24
23
32
38
11
21
39
23
23
31
7
20
3
47
46
5
35
10
38
24
13
19
14
36
41
28
44
28
8
35
15
28
32
15
27
8
5
11
31
33
18
26
30
29
16
45
1
32
48
19
3
33
1
27
28
13
27
0
27
9
17
44
32
24
35
5
14
3
5
26
10
38
17
35
45
29
9
5
45
27
45
1
7
3
11
42
16
24
28
1
25
28
35
32
24
20
19
43
38
23
9
37
33
43
32
32
39
3
24
27
7
42
11
19
31
22
28
29
34
11
30
46
20
35
32
15
1
6
16
11
26
44
43
15
42
45
37
49
