49
6
27
11
34
29
42
5
38
25
1
47
38
47
15
0
11
40
45
19
47
24
7
19
5
20
2
36
41
12
41
47
26
42
19
28
46
34
38
30
27
35
1
27
46
35
48
47
27
35
39
25
31
27
12
11
28
38
14
26
11
22
12
25
8
3
13
6
5
6
4
28
11
30
4
2
29
8
5
34
21
32
28
20
28
23
33
8
23
5
12
48
38
32
48
40
1
31
20
46
6
17
7
13
24
16
26
16
29
9
42
15
4
3
30
30
35
48
30
8
19
34
30
25
12
29
21
14
2
17
31
48
36
2
16
9
40
1
42
45
13
18
21
33
34
0
47
33
31
24
11
11
17
19
24
12
10
27
43
18
18
39
11
36
47
0
2
14
30
16
30
29
21
45
25
14
34
32
13
31
10
29
5
47
32
30
33
15
3
0
20
20
42
35
21
21
40
18
36
18
16
12
23
24
28
21
1
30
17
9
16
9
12
3
3
38
43
4
36
31
3
27
20
35
35
16
5
4
9
6
7
15
21
32
22
10
44
13
26
6
9
16
13
35
42
44
42
26
46
12
21
16
2
37
32
46
35
17
30
16
22
16
42
14
48
11
33
22
31
8
40
48
7
25
40
4
1
23
32
27
44
11
13
7
6
43
34
25
43
14
31
41
9
18
16
11
18
31
4
49
