49
2
11
21
10
48
21
34
6
28
38
26
0
32
4
5
8
20
13
22
20
37
38
42
7
11
43
0
44
0
48
47
21
10
1
24
25
45
34
33
28
43
13
46
1
15
41
19
4
29
2
13
36
2
14
29
41
18
28
12
39
44
28
40
18
10
38
3
13
17
30
29
27
14
45
41
31
35
42
27
31
19
28
39
10
32
26
11
4
42
42
36
12
24
28
17
8
41
9
39
15
7
7
27
4
29
25
28
12
22
33
6
44
2
6
42
14
44
30
13
14
32
47
37
34
43
34
30
13
9
44
18
29
48
22
39
26
27
43
27
11
45
1
26
4
2
1
46
38
24
11
37
5
42
46
17
31
0
2
21
23
42
30
27
46
11
24
16
43
11
19
12
34
46
25
11
39
28
35
8
29
3
48
20
22
15
14
18
14
12
11
17
43
46
3
25
31
6
33
12
42
13
18
37
34
35
1
45
21
40
14
47
21
35
1
43
43
40
10
12
12
14
44
44
22
24
39
43
30
16
46
2
36
46
24
44
46
41
20
5
40
16
16
12
35
42
22
28
15
8
30
37
12
20
12
34
11
45
33
18
6
14
13
21
4
10
9
3
12
31
40
39
37
9
3
11
17
44
10
10
21
24
22
9
45
16
39
9
37
21
27
16
6
16
35
12
17
21
14
49
