49
16
11
29
44
40
36
22
38
2
36
36
28
45
4
4
30
43
46
28
43
26
25
0
24
7
9
35
32
45
10
39
1
46
28
40
28
10
6
11
37
24
20
28
0
48
37
19
17
33
6
42
16
4
0
29
24
10
19
32
33
18
39
10
37
20
47
10
7
17
23
45
39
9
39
35
33
8
35
29
17
25
6
12
39
23
35
18
47
46
40
23
42
38
23
17
7
27
17
43
8
25
19
8
31
26
24
37
41
44
33
31
8
31
21
28
44
38
43
11
37
8
21
43
16
19
31
30
42
9
28
3
0
31
33
6
2
28
18
32
28
16
36
6
19
27
26
17
7
12
37
28
39
26
18
2
48
28
41
35
9
27
44
7
5
28
5
34
13
9
39
26
33
28
5
18
38
2
3
21
40
26
5
40
6
38
47
2
38
26
22
18
9
2
25
2
2
31
24
14
26
6
17
6
17
47
41
2
47
46
32
13
16
41
24
26
33
17
6
15
31
11
31
39
2
2
6
41
6
45
37
5
21
11
20
15
37
38
42
38
7
11
15
16
4
39
38
20
39
13
1
29
8
25
40
27
40
5
38
46
38
40
46
24
10
36
33
25
28
16
29
34
6
42
19
40
12
42
30
2
7
22
36
13
42
5
43
14
26
4
35
48
5
1
38
26
9
17
36
49
