50
18
26
9
32
18
12
0
15
46
27
37
13
4
3
29
14
11
4
10
48
48
4
33
5
19
47
45
15
33
18
14
8
3
32
25
42
15
36
14
49
12
37
21
37
4
42
19
31
31
50
50
50
50
50
50
50
50
50
50
50
50
50
50
50
50
50
50
50
50
50
50
50
50
50
50
50
50
50
50
50
50
50
50
50
50
50
50
50
50
50
50
50
50
50
50
50
50
50
50
50
50
50
50
50
50
50
50
50
50
50
50
50
50
50
50
50
50
50
50
50
50
50
50
50
50
7
18
29
34
12
40
1
39
43
35
22
4
25
44
30
12
22
10
40
36
1
18
7
19
6
19
29
40
44
49
24
49
12
23
25
7
7
29
1
23
32
39
25
11
45
25
10
43
23
50
50
50
50
50
50
50
50
50
50
50
50
50
50
50
50
50
50
50
50
50
50
50
50
50
50
50
50
50
50
50
50
50
50
50
50
50
50
50
50
50
50
50
50
50
50
50
50
50
50
50
50
50
50
50
50
50
50
50
50
50
50
50
50
50
50
50
50
50
50
50
50
50
50
50
44
30
32
23
40
1
18
8
37
16
22
0
25
47
48
26
13
43
3
22
21
32
37
36
25
19
6
4
33
10
32
39
15
8
37
44
24
38
20
27
1
46
17
49
32
25
9
23
38
50
