50
25
40
36
43
29
42
25
37
28
35
29
48
3
34
15
2
31
27
8
45
6
36
44
6
32
23
38
20
32
38
14
17
39
15
6
22
16
0
41
28
17
13
40
9
44
22
4
4
49
3
15
12
35
34
34
9
10
46
0
11
29
21
31
38
14
7
0
28
41
36
7
23
39
33
8
14
5
19
31
38
47
14
33
45
7
15
47
3
3
48
38
38
44
28
19
47
30
28
31
24
23
13
18
27
13
21
43
14
27
42
43
30
49
8
27
29
32
47
41
1
32
1
33
22
49
45
31
21
40
37
37
3
27
18
49
2
18
19
46
46
32
28
3
1
18
25
33
27
12
25
46
26
44
41
22
39
19
37
26
15
3
47
40
24
11
39
3
48
36
35
13
41
47
16
21
11
22
33
39
1
7
34
48
2
37
0
0
48
16
44
21
30
4
38
23
20
36
12
23
29
31
27
47
23
10
40
29
11
4
6
45
25
48
24
18
39
14
8
18
34
23
45
23
7
47
7
41
47
42
7
20
33
40
9
17
21
7
40
45
18
39
41
26
38
5
0
34
49
5
27
33
24
6
28
7
8
40
45
31
38
2
39
40
9
49
2
14
1
15
17
31
40
23
33
33
12
30
6
38
29
32
5
17
39
5
1
31
29
24
21
47
43
26
25
48
46
37
8
27
