50
46
33
3
47
16
36
23
24
1
36
41
33
40
29
0
8
29
23
15
18
19
20
10
49
10
10
20
43
8
14
48
1
4
10
34
32
22
8
42
37
14
38
26
24
13
21
4
47
37
31
25
0
0
22
1
19
37
14
6
3
18
26
42
36
41
48
38
39
47
8
1
4
12
6
33
34
10
43
26
10
40
0
22
48
42
10
26
19
41
11
48
19
17
33
22
38
40
15
21
44
31
11
41
48
43
17
17
40
4
38
15
42
44
13
30
36
47
36
47
49
38
8
38
31
7
31
25
23
5
11
17
38
37
42
13
40
10
24
39
39
44
44
11
9
22
44
13
49
46
10
3
47
46
46
22
26
38
26
45
7
12
2
39
28
32
30
29
0
25
23
23
33
19
29
49
14
21
28
46
3
7
40
36
35
45
20
47
16
41
31
47
22
27
10
27
26
25
11
18
25
36
28
31
33
23
27
1
20
40
31
46
44
1
27
15
1
5
39
39
11
17
12
13
37
29
34
45
2
15
13
2
26
41
47
1
49
44
39
8
10
40
15
8
33
18
48
45
17
49
38
8
21
9
25
23
18
23
18
40
10
47
36
47
24
44
23
41
26
9
15
10
29
38
2
21
45
25
44
47
8
41
0
39
45
15
21
8
19
11
19
45
34
23
4
1
23
46
25
12
