677
582
104
649
170
258
449
390
158
267
17
255
480
40
140
373
616
94
229
429
542
390
146
244
349
601
390
390
27
549
354
199
461
328
560
149
358
329
613
226
220
200
638
142
502
287
159
449
387
284
314
148
502
553
628
658
144
529
555
167
120
111
489
444
21
116
148
106
308
206
474
387
187
219
669
326
608
456
344
238
309
459
561
492
477
417
659
613
315
646
584
343
168
541
425
105
30
379
272
252
481
606
614
395
264
315
470
227
84
465
236
181
41
29
227
58
345
366
16
182
126
44
79
663
31
582
597
289
105
137
344
494
212
577
55
494
293
51
290
569
50
288
292
438
151
142
440
292
140
199
199
365
342
383
647
284
24
143
62
525
637
35
225
415
41
294
361
97
478
198
265
326
395
528
504
159
548
309
312
241
107
525
525
281
385
349
299
131
28
491
577
584
558
556
675
297
338
280
450
77
310
345
322
346
674
322
336
220
99
431
266
297
214
408
440
81
158
575
303
323
369
41
406
265
172
326
316
52
634
221
670
488
640
276
630
213
292
110
492
191
622
287
631
89
6
535
7
570
88
654
224
583
503
373
232
141
223
670
88
282
406
554
169
513
216
93
629
357
498
472
207
286
410
138
639
379
26
131
173
525
259
461
614
101
371
163
563
240
33
541
29
409
463
338
311
186
215
461
238
59
