49
2
24
15
1
12
19
7
13
39
4
39
7
5
7
23
24
47
38
33
25
21
29
35
31
0
30
12
32
24
6
3
38
16
34
37
24
1
27
40
11
22
32
39
43
30
45
19
18
38
43
43
1
15
15
17
9
9
30
48
41
15
47
30
46
36
16
44
36
34
31
23
7
39
31
7
8
27
41
5
32
44
28
11
24
27
34
12
20
21
12
26
44
28
23
32
5
29
21
44
28
28
5
4
8
40
3
30
42
10
31
32
11
38
27
24
30
46
29
9
27
20
17
16
13
17
48
5
11
48
8
28
16
5
29
33
4
30
40
17
12
31
20
37
41
34
13
47
20
47
37
46
11
1
14
8
39
40
43
43
34
46
31
28
9
30
3
37
33
45
38
2
20
7
28
8
1
34
25
35
3
44
43
32
28
28
42
48
37
7
12
7
2
25
31
9
9
46
34
13
12
22
40
3
10
33
4
22
10
8
38
6
23
46
24
42
48
6
44
12
14
44
17
6
9
18
40
12
41
12
37
13
36
40
42
37
9
48
40
11
42
41
2
40
25
28
17
12
13
8
40
41
22
44
28
27
21
35
8
41
17
48
35
28
26
7
16
27
9
10
32
39
12
12
5
33
30
31
11
44
8
6
14
46
37
15
48
4
6
22
35
11
35
11
14
10
27
35
34
49
