49
37
24
21
2
7
11
23
26
12
28
32
28
19
14
27
17
26
48
37
32
1
14
27
23
43
46
24
43
3
16
10
19
10
22
45
38
44
30
29
40
23
16
13
42
10
13
3
30
48
19
11
5
27
26
15
42
39
22
24
17
23
15
10
34
47
14
20
48
20
11
34
16
47
34
0
11
8
8
12
7
38
19
22
47
43
11
45
19
23
24
23
28
20
27
7
38
20
6
14
14
7
20
21
30
38
42
4
10
33
31
42
15
40
32
14
40
9
29
17
44
22
18
11
8
39
30
8
0
35
3
26
28
24
32
16
17
16
33
43
38
19
20
48
27
12
41
3
24
1
6
20
38
23
2
37
25
7
44
33
25
14
0
22
9
44
46
48
46
37
10
2
44
43
10
17
32
26
3
32
35
47
16
18
23
30
24
43
41
23
28
34
33
44
45
45
23
40
23
33
22
31
45
15
21
27
22
22
43
35
32
2
39
24
24
36
17
1
20
23
28
23
7
48
19
9
11
14
31
5
33
1
10
15
20
15
6
11
48
21
34
12
33
12
5
2
25
31
28
45
44
9
31
41
24
9
0
43
25
26
21
11
32
36
10
21
2
36
37
7
42
3
5
9
17
38
19
9
31
21
8
28
8
35
28
34
41
4
43
9
31
34
48
2
16
43
43
1
48
49
