49
47
22
46
19
10
24
21
21
15
45
45
31
24
32
36
24
20
31
42
48
42
9
14
6
14
15
22
29
32
45
30
36
3
30
15
17
37
19
19
6
20
0
37
3
12
17
17
0
45
34
46
45
45
33
47
12
4
35
48
20
3
27
11
25
42
16
22
21
7
45
0
30
0
10
15
37
44
13
25
4
20
24
0
33
26
31
48
48
38
23
12
0
29
35
5
2
42
46
12
7
28
36
40
5
8
22
34
11
40
27
14
18
16
23
36
13
29
5
35
15
23
17
15
32
38
40
39
35
29
27
28
10
28
27
38
21
9
25
25
14
23
30
19
3
12
6
14
0
27
9
44
39
33
10
15
15
19
44
21
13
36
22
32
18
32
12
20
8
23
35
37
28
25
9
14
12
13
44
41
17
5
1
48
13
42
17
14
21
37
13
31
12
41
3
38
10
16
4
22
35
17
36
0
1
7
10
11
8
7
25
11
18
7
34
12
47
10
31
26
9
7
33
26
0
14
31
23
16
47
2
23
37
30
11
10
9
42
32
8
29
36
3
1
22
40
34
26
11
1
13
12
42
43
9
0
29
26
34
2
31
11
2
34
48
13
16
17
8
9
7
26
0
9
28
34
8
0
40
17
47
40
44
14
9
2
7
25
37
36
31
15
26
42
2
37
2
26
47
49
