50
23
1
9
9
25
14
14
35
45
0
38
5
7
5
46
35
34
3
35
7
24
11
2
9
7
44
17
44
41
23
1
21
2
33
23
37
41
29
44
45
45
48
19
34
18
43
24
11
11
24
43
4
33
40
37
25
27
14
39
6
34
10
33
32
1
18
26
33
41
28
0
1
0
48
5
38
18
8
44
13
44
36
2
0
42
49
40
24
14
0
32
14
10
45
5
14
31
43
15
13
27
33
26
39
16
22
9
13
7
29
33
48
39
13
43
40
32
7
36
21
43
34
4
46
45
43
49
16
45
26
35
24
27
20
5
40
3
25
45
3
10
47
40
27
9
22
21
33
39
35
37
15
38
36
5
0
7
24
6
13
10
46
42
18
12
5
15
21
46
46
33
11
39
47
15
14
41
37
8
35
6
0
36
14
17
19
33
4
4
35
35
27
12
27
7
49
23
8
41
4
35
3
2
40
17
4
0
42
36
7
12
6
42
7
41
44
1
40
29
3
39
39
41
10
1
1
15
2
45
40
25
15
25
2
6
19
15
41
15
32
43
40
14
44
15
36
19
27
39
49
15
19
42
42
41
10
11
46
42
24
7
19
3
49
2
44
49
25
18
11
27
8
28
40
43
30
44
35
30
33
36
8
23
10
47
40
18
31
22
14
42
42
34
1
25
6
22
33
30
