50
16
29
24
0
39
44
26
10
32
2
6
13
7
44
39
38
1
4
43
7
19
2
30
45
24
43
36
34
45
25
38
39
4
35
43
29
0
23
22
12
18
40
41
19
6
7
35
8
1
28
40
37
36
10
27
31
36
48
35
43
2
25
48
17
16
13
7
25
36
8
42
24
35
12
12
26
3
37
1
15
23
2
14
20
21
13
20
11
34
16
23
32
20
49
17
20
37
12
15
3
23
47
27
13
37
12
19
37
7
16
38
9
9
23
33
43
7
45
24
27
6
27
28
4
40
1
37
30
48
4
42
29
26
4
12
14
1
26
5
48
4
14
3
27
22
15
34
10
36
22
14
33
48
35
2
45
39
21
26
12
1
26
27
23
19
7
8
14
26
27
21
35
25
0
35
1
37
35
23
48
30
41
23
47
49
19
13
20
20
37
15
22
46
38
19
9
13
34
5
40
26
4
1
25
12
44
40
22
33
25
27
33
27
18
5
37
15
39
2
32
1
18
34
15
37
9
18
42
3
32
3
15
17
28
37
39
19
23
29
9
7
39
23
23
28
6
15
27
18
13
5
45
35
41
5
8
24
37
10
38
44
5
17
26
14
31
18
33
29
11
46
2
44
47
18
30
0
9
24
34
32
8
7
16
24
13
6
49
21
0
26
6
24
33
22
14
9
22
16
