50
27
5
26
25
32
45
42
19
3
10
4
20
27
2
26
7
41
33
48
39
19
35
30
36
32
25
18
3
8
36
41
6
31
2
30
28
16
8
25
2
11
44
49
26
42
13
11
21
0
20
16
48
10
36
28
6
14
30
23
38
28
17
10
17
43
46
25
35
39
18
30
22
4
12
12
36
33
43
49
5
4
0
43
18
25
34
29
41
29
28
17
47
33
8
44
23
32
45
12
45
46
27
20
27
40
25
3
48
25
23
21
22
40
14
5
25
49
26
49
14
24
23
44
38
1
7
21
33
39
17
9
2
19
15
41
1
6
10
25
0
3
17
13
13
7
12
27
21
8
47
16
49
43
44
40
16
17
30
13
2
24
19
4
33
31
3
48
42
42
3
45
24
25
28
36
43
10
22
29
31
33
44
18
34
38
18
36
7
23
20
24
14
23
9
13
38
0
24
1
24
39
8
34
41
40
41
28
8
15
8
6
24
25
14
37
24
39
18
15
18
17
31
29
12
23
43
19
38
7
0
4
11
43
23
47
10
23
25
24
18
47
21
22
45
43
49
25
12
14
5
32
45
38
35
21
34
18
14
10
19
7
47
9
16
41
24
32
13
11
25
41
44
44
6
16
21
7
22
9
35
37
6
45
44
42
4
10
7
40
12
19
16
28
17
34
47
1
43
23
