49
41
40
47
46
39
40
24
13
37
39
23
45
38
11
21
14
0
41
5
36
40
6
10
28
48
0
15
22
41
29
15
18
29
7
6
28
0
36
15
48
36
20
31
10
45
38
29
26
33
30
37
48
29
38
20
34
6
6
33
14
6
20
25
33
4
41
16
22
16
33
20
5
23
23
29
23
41
28
24
39
26
7
37
0
19
15
2
13
43
5
32
14
45
34
38
27
19
42
14
36
7
38
22
30
8
31
7
35
13
15
25
14
22
30
32
41
44
11
1
3
34
32
19
27
6
15
15
31
7
35
46
1
25
34
14
26
0
44
4
31
33
22
14
24
2
41
38
28
7
17
4
1
23
27
46
31
40
26
10
21
45
20
31
9
29
19
31
23
36
16
17
4
32
31
42
35
46
46
42
4
5
38
19
48
14
25
45
22
5
10
21
15
31
22
44
24
27
35
28
34
9
29
0
28
17
9
35
16
1
22
2
19
39
13
23
42
43
9
3
28
40
14
39
23
47
34
25
21
22
11
43
43
48
32
27
1
36
32
40
45
36
29
43
0
1
18
27
6
48
47
1
24
47
0
12
39
31
39
29
8
29
8
8
27
22
25
21
28
46
41
39
48
43
4
20
32
24
31
41
12
6
14
40
48
14
27
28
18
3
39
19
9
21
38
40
10
8
43
49
