49
15
21
13
15
46
14
30
47
47
20
29
27
9
45
41
31
33
47
32
41
39
33
16
14
15
48
24
8
44
32
18
22
19
32
24
39
30
9
44
11
42
15
22
3
28
25
20
30
9
35
8
46
44
1
23
23
33
39
43
42
43
8
4
44
32
10
4
35
35
20
38
17
13
11
4
30
5
22
3
39
38
2
12
6
15
31
23
23
5
26
21
37
23
28
31
43
42
6
44
6
7
11
16
16
29
42
42
5
20
23
39
14
18
47
10
34
9
25
48
43
8
2
21
39
40
19
7
4
47
17
38
1
2
36
19
39
45
45
31
5
7
35
25
3
38
15
10
34
25
6
13
9
3
44
15
26
27
33
21
12
0
21
2
10
3
17
16
1
37
41
18
33
29
35
13
35
18
26
46
20
1
21
41
30
32
42
10
15
16
31
5
17
1
36
32
8
26
17
10
11
5
8
39
25
24
3
7
32
5
30
13
15
46
26
23
45
44
24
31
0
24
41
7
3
6
30
31
20
40
48
28
48
21
15
18
27
36
11
8
31
9
13
38
46
31
31
5
5
10
35
20
47
37
47
21
17
30
24
13
0
47
25
48
15
39
41
32
43
46
3
37
40
10
43
26
5
38
32
47
17
19
24
41
33
5
37
6
43
26
22
30
0
9
33
8
8
45
3
49
