49
1
0
10
43
13
1
12
37
25
4
14
11
34
33
32
16
36
0
35
26
18
18
32
2
2
7
3
32
33
18
26
31
18
20
34
17
23
11
47
29
30
46
26
44
17
47
17
26
40
47
13
40
48
45
45
24
35
0
29
2
23
29
45
46
35
25
28
25
46
27
37
42
29
42
46
27
24
32
48
39
40
23
33
12
0
28
48
9
39
14
32
46
23
35
17
10
20
11
30
19
39
26
27
44
9
40
23
25
47
2
13
42
15
13
22
17
16
37
41
43
39
2
33
30
25
3
26
40
5
4
47
26
35
9
14
2
11
36
44
10
1
1
24
42
43
1
17
22
14
17
41
23
13
41
29
40
19
34
34
41
36
20
14
4
2
44
18
39
38
36
34
37
44
26
43
24
34
6
39
29
48
27
31
27
26
26
43
3
30
9
11
18
10
4
3
41
12
42
38
15
29
18
5
7
11
27
25
36
39
29
37
20
32
41
19
19
33
48
48
30
37
5
24
39
43
5
37
2
21
20
2
14
42
41
47
42
48
37
0
21
41
42
37
4
43
6
42
22
34
35
9
36
35
3
28
9
22
6
17
26
12
38
48
6
16
37
2
6
36
38
21
9
9
13
25
11
12
35
22
9
21
48
39
3
23
21
31
40
27
48
23
13
16
25
5
47
12
5
49
